279
359
484
481
615
339
659
432
924
655
375
116
067
198
977
623
372
973
257
233
759
632
735
254
772
416
915
463
371
514
656
751
671
516
700
357
036
934
209
430
179
998
742
190
583
269
724
094
939
631
014
782
299
534
657
344
259
582
100
763
508
941
497
313
221
132
764
108
596
672
465
278
213
485
107
366
436
604
275
893
293
128
550
804
346
118
320
460
922
079
959
624
744
168
167
024
862
803
987
512
521
425
835
065
373
564
635
076
387
588
889
462
411
211
165
821
960
450
280
443
600
528
729
394
784
975
841
349
587
894
571
911
810
256
229
698
769
219
513
169
458
161
028
166
044
051
007
812
060
461
328
948
904
478
819
267
422
352
041
249
896
162
558
829
899
391
510
597
770
385
621
049
091
768
968
999
595
654
611
070
951
215
691
292
304
419
398
449
188
263
141
323
964
193
584
846
027
309
989
634
666
834
143
055
736
912
861
966
395
306
351
237
137
955
701
228
517
500
119
253
882
562
788
474
150
640
745
523
646
152
515
794
720
644
910
854
967
940
619
991
840
493
316
276
620
806
231
083
459
294
245
731
935
297
865
993
590
542
843
502
154
378
331
182
686
609
114
734
872
760
559
403
469
971
652
454
780
040
869
920
781
413
075
961
415
272
268
482
546
616
839
110
679
660
728
687
032
358
393
048
103
123
636
039
059
774
244
157
833
203
715
942
825
625
240
226
826
423
914
265
329
303
246
138
982
011
552
216
913
408
315
242
101
569
800
095
845
891
321
406
487
680
396
746
933
884
479
171
473
797
503
714
949
895
380
990
140
035
567
907
981
496
212
194
649
563
243
452
428
956
705
327
535
876
078
189
860
551
285
722
476
155
962
802
879
034
509
857
440
909
808
042
799
675
021
549
753
877
815
335
314
661
205
994
264
402
818
356
694
556
832
081
104
106
046
109
777
207
601
796
311
695
149
883
369
317
068
105
629
706
801
260
090
692
192
612
210
345
290
613
412
002
689
685
341
365
606
012
334
258
965
579
495
362
710
844
682
163
639
126
160
102
647
302
037
053
928
555
580
642
721
270
594
023
798
370
399
112
743
669
696
589
005
457
978
170
062
127
058
277
261
529
281
921
985
322
630
787
576
310
444
379
016
591
251
754
439
645
453
723
283
063
946
038
146
708
937
217
288
347
382
235
518
472
085
954
848
828
765
222
557
282
199
483
886
771
252
427
420
191
816
324
538
996
332
456
202
917
490
931
932
725
974
805
749
716
972
407
775
637
970
740
400
381
389
676
072
296
480
074
124
665
376
080
426
031
864
384
790
445
979
532
098
374
088
713
015
271
863
348
418
870
831
363
096
658
880
414
885
255
434
957
945
633
697
976
520
300
814
773
651
593
813
397
234
286
318
739
057
963
626
451
236
712
820
134
947
608
388
431
926
581
361
069
678
890
717
043
853
120
866
232
592
531
847
827
239
223
809
475
783
525
524
540
455
618
807
022
766
097
093
153
350
364
952
823
527
464
200
902
401
130
537
003
441
653
925
908
156
086
900
071
142
761
018
077
468
936
693
733
115
220
610
988
898
958
881
392
738
980
033
087
099
289
247
470
013
047
354
181
923
491
446
405
953
050
139
092
747
355
547
151
117
208
511
274
312
995
916
026
836
180
177
906
125
133
918
201
004
010
573
326
435
195
185
019
887
183
507
641
577
486
519
711
340
778
343
786
505
498
628
681
307
489
429
186
506
892
539
578
779
718
298
699
830
466
548
147
337
225
664
144
586
383
342
054
052
762
159
526
442
603
158
867
873
145
856
927
585
224
732
424
901
565
726
250
273
849
433
287
727
752
560
082
175
494
001
330
066
730
614
837
447
421
650
338
197
858
536
707
501
030
897
950
741
204
690
575
386
492
136
248
703
174
184
009
748
704
295
522
017
135
674
767
776
677
617
824
702
986
662
598
241
089
000
622
663
789
811
888
673
602
325
467
852
319
943
206
409
737
561
903
262
599
822
688
859
648
084
284
045
683
667
905
178
607
554
541
368
930
410
020
545
570
172
984
793
404
122
643
377
417
008
333
944
025
227
791
305
719
530
061
448
367
238
992
301
073
938
572
758
164
504
471
499
757
868
488
029
438
817
291
148
574
756
196
668
670
360
929
755
627
218
187
266
838
851
121
437
709
111
553
214
544
795
983
056
871
874
543
750
605
390
969
176
230
638
533
785
919
064
113
173
477
855
850
842
566
006
875
308
353
792
336
684
131
997
878
568